18
numProducts product quantity
23 12 3 53 4 120 3 272 3 309 5 382 4 473 5 501 2 502 3 623 4 647 3 723 3 917 2 1117 4 1129 4 1145 4 1189 2 1197 5 1300 3 1323 2 1377 5 1467 4 1471 2
23 39 2 63 3 87 4 110 2 154 3 223 3 266 2 355 4 370 3 426 3 561 3 570 3 618 4 865 2 898 3 1005 2 1055 3 1237 2 1332 4 1348 4 1374 2 1394 3 1471 2
16 15 2 252 2 392 3 498 3 502 4 548 4 680 3 752 2 968 4 997 2 1150 2 1217 3 1234 4 1317 3 1356 2 1512 2
15 4 2 27 4 83 4 123 2 150 2 499 2 551 4 703 3 859 4 1045 2 1059 2 1304 2 1345 3 1346 3 1494 3
14 152 3 198 3 277 3 308 3 310 4 337 3 454 3 687 5 908 3 1196 4 1226 5 1274 4 1340 3 1557 3
14 198 3 254 4 275 3 296 2 339 3 412 3 682 2 874 2 1021 2 1094 3 1182 3 1211 3 1230 4 1337 3
14 4 3 160 3 290 4 306 4 377 4 427 4 609 3 849 4 886 3 986 4 993 4 1325 3 1356 3 1423 4
13 534 3 784 3 884 4 911 2 1080 4 1283 3 1306 4 1340 2 1379 2 1412 4 1429 4 1500 3 1529 2
13 23 4 69 2 206 3 304 3 365 3 471 4 481 3 572 4 639 2 714 4 1126 3 1346 3 1428 4
13 114 2 190 3 213 3 579 2 750 4 779 3 1049 3 1061 3 1112 3 1288 3 1317 3 1422 3 1465 4
13 283 4 333 4 340 3 357 3 427 2 477 3 565 3 581 3 652 3 702 3 900 3 1043 3 1268 4
12 5 3 6 3 504 2 505 2 737 3 738 4 959 4 961 4 1313 3 1315 3 1479 4 1481 4
12 23 4 377 3 410 2 427 3 489 4 527 2 554 2 1132 3 1269 3 1292 3 1335 3 1552 2
12 111 4 398 4 405 3 544 4 554 3 754 3 760 4 848 3 1120 3 1203 3 1403 3 1490 4
12 45 2 123 2 133 2 135 3 179 3 289 3 372 3 561 3 728 3 888 3 1254 3 1383 3
12 48 4 198 5 358 2 608 4 680 5 857 4 984 2 1090 5 1190 5 1413 4 1466 4 1496 4
12 183 3 293 3 358 3 564 3 892 2 1258 3 1281 2 1325 3 1333 3 1446 4 1523 3 1541 2
12 337 3 443 3 447 4 453 2 686 4 897 3 909 4 1179 4 1262 7 1428 4 1512 3 1518 2
