25
numProducts product quantity
18 53 4 120 3 272 3 309 5 382 4 473 5 502 3 623 4 647 3 723 3 1117 4 1129 4 1145 4 1189 2 1197 5 1300 3 1323 2 1471 2
11 48 4 114 4 254 4 404 4 498 3 564 3 924 3 980 3 1091 4 1174 3 1396 4
11 17 4 532 4 742 4 849 4 1041 4 1049 3 1059 4 1091 2 1126 4 1191 2 1265 4
11 16 3 28 3 49 2 432 3 455 4 525 3 841 4 1164 3 1197 3 1224 4 1341 3
8 396 4 718 3 752 2 928 3 935 4 1228 5 1278 3 1378 3
8 3 2 75 4 556 3 712 4 912 2 1317 2 1438 2 1494 3
7 188 1 484 2 1264 1 1276 2 1287 1 1443 2 1526 1
7 710 4 722 4 733 2 889 3 972 3 1192 4 1471 3
7 380 5 590 5 634 4 850 4 917 3 1056 2 1212 5
7 345 4 401 2 511 3 594 2 1093 2 1326 4 1549 2
7 4 3 87 2 343 2 587 2 820 3 1042 3 1396 4
7 385 4 495 4 568 3 811 3 1360 3 1443 4 1550 3
7 574 3 612 4 861 2 961 3 1084 2 1383 4 1417 2
7 608 4 680 5 857 4 984 2 1090 5 1413 4 1496 4
7 107 4 616 3 721 3 750 3 1255 4 1315 3 1432 3
7 69 4 158 4 365 5 474 3 645 4 927 4 1107 4
7 4 4 76 4 320 3 869 5 952 4 1222 4 1472 3
7 87 4 110 2 154 3 266 2 370 3 570 3 865 2
7 212 3 721 2 1037 3 1164 2 1360 4 1420 2 1537 4
7 335 3 628 2 865 2 898 4 915 3 1030 3 1237 4
7 438 3 653 2 897 4 987 4 1136 4 1246 3 1329 4
7 26 2 399 4 569 3 632 3 1208 3 1241 3 1268 2
7 445 3 588 2 688 2 921 3 1144 3 1460 3 1531 2
7 97 2 563 4 996 2 1206 3 1212 2 1408 3 1458 4
7 208 3 258 2 295 2 767 2 917 3 1210 4 1483 2
