41
numProducts product quantity
23 12 3 53 4 120 3 272 3 309 5 382 4 473 5 501 2 502 3 623 4 647 3 723 3 917 2 1117 4 1129 4 1145 4 1189 2 1197 5 1300 3 1323 2 1377 5 1467 4 1471 2
23 39 2 63 3 87 4 110 2 154 3 223 3 266 2 355 4 370 3 426 3 561 3 570 3 618 4 865 2 898 3 1005 2 1055 3 1237 2 1332 4 1348 4 1374 2 1394 3 1471 2
16 15 2 252 2 392 3 498 3 502 4 548 4 680 3 752 2 968 4 997 2 1150 2 1217 3 1234 4 1317 3 1356 2 1512 2
15 4 2 27 4 83 4 123 2 150 2 499 2 551 4 703 3 859 4 1045 2 1059 2 1304 2 1345 3 1346 3 1494 3
14 152 3 198 3 277 3 308 3 310 4 337 3 454 3 687 5 908 3 1196 4 1226 5 1274 4 1340 3 1557 3
14 198 3 254 4 275 3 296 2 339 3 412 3 682 2 874 2 1021 2 1094 3 1182 3 1211 3 1230 4 1337 3
14 4 3 160 3 290 4 306 4 377 4 427 4 609 3 849 4 886 3 986 4 993 4 1325 3 1356 3 1423 4
13 534 3 784 3 884 4 911 2 1080 4 1283 3 1306 4 1340 2 1379 2 1412 4 1429 4 1500 3 1529 2
13 23 4 69 2 206 3 304 3 365 3 471 4 481 3 572 4 639 2 714 4 1126 3 1346 3 1428 4
13 114 2 190 3 213 3 579 2 750 4 779 3 1049 3 1061 3 1112 3 1288 3 1317 3 1422 3 1465 4
13 283 4 333 4 340 3 357 3 427 2 477 3 565 3 581 3 652 3 702 3 900 3 1043 3 1268 4
12 5 3 6 3 504 2 505 2 737 3 738 4 959 4 961 4 1313 3 1315 3 1479 4 1481 4
12 23 4 377 3 410 2 427 3 489 4 527 2 554 2 1132 3 1269 3 1292 3 1335 3 1552 2
12 111 4 398 4 405 3 544 4 554 3 754 3 760 4 848 3 1120 3 1203 3 1403 3 1490 4
12 45 2 123 2 133 2 135 3 179 3 289 3 372 3 561 3 728 3 888 3 1254 3 1383 3
12 48 4 198 5 358 2 608 4 680 5 857 4 984 2 1090 5 1190 5 1413 4 1466 4 1496 4
12 183 3 293 3 358 3 564 3 892 2 1258 3 1281 2 1325 3 1333 3 1446 4 1523 3 1541 2
12 337 3 443 3 447 4 453 2 686 4 897 3 909 4 1179 4 1262 7 1428 4 1512 3 1518 2
12 44 5 182 4 677 3 714 3 787 5 810 4 865 4 963 4 1014 4 1068 3 1430 3 1519 3
12 54 3 277 3 569 4 593 3 652 2 664 3 908 3 1136 2 1158 3 1279 3 1285 4 1395 3
11 118 2 418 4 490 3 584 3 661 3 668 3 723 3 1117 2 1333 2 1360 2 1506 4
11 75 4 151 5 351 2 403 4 441 5 507 3 569 3 1225 3 1445 3 1450 4 1534 2
11 37 3 44 4 228 4 337 4 400 4 473 3 1010 2 1016 4 1059 3 1170 3 1353 3
11 233 4 300 4 437 4 498 4 571 3 749 5 814 5 853 3 1303 3 1447 3 1553 5
11 48 4 114 4 254 4 404 4 498 3 564 3 924 3 980 3 1091 4 1174 3 1396 4
11 17 4 532 4 742 4 849 4 1041 4 1049 3 1059 4 1091 2 1126 4 1191 2 1265 4
11 67 4 322 3 359 5 432 4 543 3 780 4 813 3 830 3 930 3 1152 3 1247 3
11 81 3 458 4 464 5 614 3 864 3 907 3 1180 3 1207 4 1284 4 1463 3 1550 5
11 251 2 261 4 334 3 501 3 627 2 638 2 734 3 738 4 1150 4 1470 3 1553 3
11 17 4 107 3 384 3 423 3 434 4 593 4 710 3 727 3 1000 3 1055 3 1270 3
11 6 2 26 3 89 4 636 4 663 3 971 4 979 3 1252 3 1397 2 1453 3 1522 2
11 45 3 68 2 112 3 224 2 328 3 528 3 718 3 823 2 1200 4 1310 3 1394 3
11 11 5 171 3 222 3 771 2 854 3 960 3 1004 3 1280 2 1420 4 1463 5 1536 3
11 36 4 586 2 613 4 918 3 929 3 1058 4 1202 3 1345 3 1401 4 1511 3 1535 3
11 85 3 438 3 489 3 601 3 653 2 897 4 987 4 1136 4 1246 3 1250 3 1329 4
11 16 3 28 3 49 2 432 3 455 4 525 3 841 4 1164 3 1197 3 1224 4 1341 3
11 50 2 100 5 187 4 653 4 719 4 809 4 1069 4 1150 4 1165 4 1294 4 1375 2
11 53 2 493 4 542 3 792 4 826 3 842 4 942 3 958 3 1141 2 1418 2 1507 4
11 498 3 798 3 831 3 848 3 884 3 948 3 1094 2 1101 3 1394 4 1444 4 1544 2
10 48 2 84 2 104 4 317 5 893 5 953 3 1059 4 1079 4 1143 4 1269 4
10 289 2 347 3 390 3 600 4 607 4 932 2 959 4 1309 3 1404 4 1516 4
