75
numProducts product quantity
18 53 4 120 3 272 3 309 5 382 4 473 5 502 3 623 4 647 3 723 3 1117 4 1129 4 1145 4 1189 2 1197 5 1300 3 1323 2 1471 2
11 48 4 114 4 254 4 404 4 498 3 564 3 924 3 980 3 1091 4 1174 3 1396 4
11 17 4 532 4 742 4 849 4 1041 4 1049 3 1059 4 1091 2 1126 4 1191 2 1265 4
11 16 3 28 3 49 2 432 3 455 4 525 3 841 4 1164 3 1197 3 1224 4 1341 3
8 396 4 718 3 752 2 928 3 935 4 1228 5 1278 3 1378 3
8 3 2 75 4 556 3 712 4 912 2 1317 2 1438 2 1494 3
7 188 1 484 2 1264 1 1276 2 1287 1 1443 2 1526 1
7 710 4 722 4 733 2 889 3 972 3 1192 4 1471 3
7 380 5 590 5 634 4 850 4 917 3 1056 2 1212 5
7 345 4 401 2 511 3 594 2 1093 2 1326 4 1549 2
7 4 3 87 2 343 2 587 2 820 3 1042 3 1396 4
7 385 4 495 4 568 3 811 3 1360 3 1443 4 1550 3
7 574 3 612 4 861 2 961 3 1084 2 1383 4 1417 2
7 608 4 680 5 857 4 984 2 1090 5 1413 4 1496 4
7 107 4 616 3 721 3 750 3 1255 4 1315 3 1432 3
7 69 4 158 4 365 5 474 3 645 4 927 4 1107 4
7 4 4 76 4 320 3 869 5 952 4 1222 4 1472 3
7 87 4 110 2 154 3 266 2 370 3 570 3 865 2
7 212 3 721 2 1037 3 1164 2 1360 4 1420 2 1537 4
7 335 3 628 2 865 2 898 4 915 3 1030 3 1237 4
7 438 3 653 2 897 4 987 4 1136 4 1246 3 1329 4
7 26 2 399 4 569 3 632 3 1208 3 1241 3 1268 2
7 445 3 588 2 688 2 921 3 1144 3 1460 3 1531 2
7 97 2 563 4 996 2 1206 3 1212 2 1408 3 1458 4
7 208 3 258 2 295 2 767 2 917 3 1210 4 1483 2
6 158 2 214 2 324 2 407 2 907 3 1362 3
6 77 2 333 4 709 3 815 3 819 4 1198 3
6 76 2 186 2 785 2 1152 1 1175 1 1435 1
6 31 4 108 3 865 3 1406 3 1408 4 1470 4
6 10 2 106 3 405 3 438 3 1441 4 1541 2
6 534 3 784 3 884 4 911 2 1306 4 1340 2
6 471 3 544 3 787 4 1276 3 1419 3 1526 4
6 835 3 1028 3 1351 2 1411 2 1517 3 1527 2
6 143 3 199 2 203 3 309 2 392 2 892 3
6 186 3 745 3 845 2 968 3 1268 3 1388 2
6 70 4 253 4 330 4 619 3 686 4 1468 3
6 19 2 157 3 523 4 589 2 1378 4 1531 4
6 417 2 494 4 887 5 1070 2 1093 4 1449 3
6 244 2 507 3 660 2 843 3 1120 2 1210 4
6 386 2 387 2 420 2 437 2 576 5 969 5
6 89 2 598 4 628 2 1270 2 1297 5 1414 2
6 48 4 135 3 510 2 953 4 1323 2 1559 3
6 33 5 96 3 128 3 477 3 755 3 1292 4
6 190 2 250 3 367 2 600 4 1109 4 1236 5
6 36 3 269 4 273 3 440 3 1095 3 1478 3
6 469 5 536 3 673 5 872 4 985 4 1089 6
6 427 4 431 3 810 4 820 3 1246 3 1502 2
6 83 3 244 2 1026 4 1076 4 1352 4 1492 2
6 213 3 272 3 838 4 1095 4 1120 3 1151 2
6 24 3 633 4 660 4 976 3 1249 3 1519 2
6 25 3 534 3 851 4 1173 3 1233 4 1350 3
6 252 3 352 3 889 2 895 2 1188 3 1251 3
6 275 4 519 4 752 2 974 3 1290 3 1361 2
6 270 3 320 4 597 3 613 3 886 3 1156 3
6 170 4 586 3 769 4 846 2 1046 2 1135 3
6 22 2 94 3 504 3 887 3 897 3 910 2
6 436 3 486 4 762 3 779 3 1051 3 1322 3
6 146 2 463 4 672 4 1005 5 1068 3 1482 3
6 656 3 718 2 956 4 989 4 1005 4 1105 4
6 377 2 427 2 581 4 797 4 826 2 1203 3
6 190 4 250 5 357 4 367 4 600 4 1426 5
5 390 4 547 3 1112 3 1272 3 1395 4
5 238 3 282 2 565 4 704 4 860 4
5 119 3 162 4 445 4 1154 4 1448 2
5 131 4 574 4 830 3 1179 3 1217 2
5 759 3 959 3 969 3 1175 3 1485 3
5 168 3 202 2 218 4 318 4 345 4
5 492 3 509 3 579 3 629 3 1195 3
5 536 4 596 3 702 5 786 3 1285 4
5 84 1 240 2 440 1 966 1 1022 1
5 107 4 180 2 484 3 590 3 996 2
5 62 5 299 3 332 2 349 4 671 5
5 675 3 1041 3 1064 3 1324 3 1524 3
5 462 3 605 3 938 2 1477 4 1547 3
5 8 4 308 2 451 2 707 3 1057 4
