42
numProducts product quantity
23 12 3 53 4 120 3 272 3 309 5 382 4 473 5 501 2 502 3 623 4 647 3 723 3 917 2 1117 4 1129 4 1145 4 1189 2 1197 5 1300 3 1323 2 1377 5 1467 4 1471 2
23 39 2 63 3 87 4 110 2 154 3 223 3 266 2 355 4 370 3 426 3 561 3 570 3 618 4 865 2 898 3 1005 2 1055 3 1237 2 1332 4 1348 4 1374 2 1394 3 1471 2
12 183 3 293 3 358 3 564 3 892 2 1258 3 1281 2 1325 3 1333 3 1446 4 1523 3 1541 2
11 48 4 114 4 254 4 404 4 498 3 564 3 924 3 980 3 1091 4 1174 3 1396 4
11 17 4 532 4 742 4 849 4 1041 4 1049 3 1059 4 1091 2 1126 4 1191 2 1265 4
11 81 3 458 4 464 5 614 3 864 3 907 3 1180 3 1207 4 1284 4 1463 3 1550 5
11 85 3 438 3 489 3 601 3 653 2 897 4 987 4 1136 4 1246 3 1250 3 1329 4
11 15 2 392 3 498 3 502 4 680 3 1150 2 1217 3 1234 4 1317 3 1356 2 1512 2
11 16 3 28 3 49 2 432 3 455 4 525 3 841 4 1164 3 1197 3 1224 4 1341 3
10 9 2 213 3 347 3 390 4 429 3 673 4 813 3 1262 2 1338 2 1382 4
10 139 3 149 4 190 2 250 3 367 2 600 4 905 3 1109 4 1236 5 1314 2
10 198 3 254 4 275 3 412 3 682 2 874 2 1021 2 1094 3 1230 4 1337 3
10 44 5 182 4 677 3 714 3 787 5 810 4 963 4 1014 4 1430 3 1519 3
10 102 4 368 4 568 4 851 3 934 4 961 4 1001 3 1211 4 1217 2 1371 4
9 16 3 66 3 488 3 631 3 731 2 815 2 964 4 1187 3 1503 3
9 960 3 1076 3 1122 4 1164 3 1260 2 1293 4 1310 4 1380 2 1410 3
8 396 4 718 3 752 2 928 3 935 4 1228 5 1278 3 1378 3
8 3 2 75 4 556 3 712 4 912 2 1317 2 1438 2 1494 3
8 187 4 368 2 1011 3 1214 4 1310 3 1429 2 1431 4 1460 3
7 570 4 629 3 916 2 1016 2 1139 3 1439 4 1472 2
7 222 2 759 3 905 3 959 3 969 3 1175 3 1485 3
7 57 2 79 4 123 3 236 3 339 3 539 3 835 2
7 188 1 484 2 1264 1 1276 2 1287 1 1443 2 1526 1
7 27 3 116 4 420 5 432 3 603 3 982 4 1065 4
7 313 3 396 3 652 3 901 3 1028 2 1134 4 1138 4
7 17 2 371 4 427 2 537 3 620 2 1120 2 1353 3
7 54 2 181 3 310 3 553 3 786 3 1362 2 1422 3
7 710 4 722 4 733 2 889 3 972 3 1192 4 1471 3
7 95 3 394 2 428 3 444 2 544 2 571 2 1180 3
7 57 4 430 4 600 4 663 3 1239 2 1272 2 1299 4
7 202 2 385 4 456 4 462 5 662 3 752 4 818 2
7 191 3 208 3 337 3 481 3 813 2 1423 3 1473 4
7 23 4 489 4 1132 3 1269 3 1292 3 1335 3 1552 2
7 380 5 590 5 634 4 850 4 917 3 1056 2 1212 5
7 127 4 150 3 194 3 306 3 410 3 610 3 905 3
7 345 4 401 2 511 3 594 2 1093 2 1326 4 1549 2
7 4 3 87 2 343 2 587 2 820 3 1042 3 1396 4
7 123 2 133 2 179 3 289 3 372 3 888 3 1254 3
7 92 2 415 3 475 3 581 4 592 2 825 3 1457 3
7 385 4 495 4 568 3 811 3 1360 3 1443 4 1550 3
7 574 3 612 4 861 2 961 3 1084 2 1383 4 1417 2
7 79 1 375 2 1017 2 1155 2 1177 1 1221 2 1437 2
