9
numProducts product quantity
23 12 3 53 4 120 3 272 3 309 5 382 4 473 5 501 2 502 3 623 4 647 3 723 3 917 2 1117 4 1129 4 1145 4 1189 2 1197 5 1300 3 1323 2 1377 5 1467 4 1471 2
23 39 2 63 3 87 4 110 2 154 3 223 3 266 2 355 4 370 3 426 3 561 3 570 3 618 4 865 2 898 3 1005 2 1055 3 1237 2 1332 4 1348 4 1374 2 1394 3 1471 2
16 15 2 252 2 392 3 498 3 502 4 548 4 680 3 752 2 968 4 997 2 1150 2 1217 3 1234 4 1317 3 1356 2 1512 2
15 4 2 27 4 83 4 123 2 150 2 499 2 551 4 703 3 859 4 1045 2 1059 2 1304 2 1345 3 1346 3 1494 3
14 152 3 198 3 277 3 308 3 310 4 337 3 454 3 687 5 908 3 1196 4 1226 5 1274 4 1340 3 1557 3
14 198 3 254 4 275 3 296 2 339 3 412 3 682 2 874 2 1021 2 1094 3 1182 3 1211 3 1230 4 1337 3
14 4 3 160 3 290 4 306 4 377 4 427 4 609 3 849 4 886 3 986 4 993 4 1325 3 1356 3 1423 4
13 534 3 784 3 884 4 911 2 1080 4 1283 3 1306 4 1340 2 1379 2 1412 4 1429 4 1500 3 1529 2
13 23 4 69 2 206 3 304 3 365 3 471 4 481 3 572 4 639 2 714 4 1126 3 1346 3 1428 4
