9
numProducts product quantity
18 53 4 120 3 272 3 309 5 382 4 473 5 502 3 623 4 647 3 723 3 1117 4 1129 4 1145 4 1189 2 1197 5 1300 3 1323 2 1471 2
11 48 4 114 4 254 4 404 4 498 3 564 3 924 3 980 3 1091 4 1174 3 1396 4
11 17 4 532 4 742 4 849 4 1041 4 1049 3 1059 4 1091 2 1126 4 1191 2 1265 4
11 16 3 28 3 49 2 432 3 455 4 525 3 841 4 1164 3 1197 3 1224 4 1341 3
8 396 4 718 3 752 2 928 3 935 4 1228 5 1278 3 1378 3
8 3 2 75 4 556 3 712 4 912 2 1317 2 1438 2 1494 3
7 188 1 484 2 1264 1 1276 2 1287 1 1443 2 1526 1
7 710 4 722 4 733 2 889 3 972 3 1192 4 1471 3
7 380 5 590 5 634 4 850 4 917 3 1056 2 1212 5
